A = [3 7 9; 5 8 1]
A(1,2) + A(2,1)
  %12 ->  7+5
