a = [1 2 3; 4 5 6]

x=[a,a]

% 1 2 3 1 2 3 
% 4 5 6 4 5 6 
