a = [1 2 3; 4 5 6]

x = [a;a]

%output
% 1 2 3
% 4 5 6 
% 1 2 3
% 4 5 6 
