>> format rat
>> 1/2
ans = 1/2
>> 1/2+1/4
ans = 3/4
>> format short
>> 1/2
ans = 0.5000
>> format long
>> 1/2
ans = 0.500000000000000
>>
