Q = [1 2 3 4; 5 6 7 8; 9 10 11 12]
% Q = 
% 1  2 3  4 
% 5  6 7  8
% 9 10 11 12
  
Q(1:2,2:3) %selects all elements between: line1 and line2; and col2 and col3
% 2 3 
% 6 7 
